
I/IotController>>>>>>>>>>(12728): -------->_______________encodeData: 77,65,68,
I/IotController>>>>>>>>>>(12728): -------->_______________: 77,65,68,
I/IotController>>>>>>>>>>IotConfig(12728): -------->waitForAck()
I/IotController>>>>>>>>>>(12728): -------->_______________encodeData: -26,-78,-119,104,-115,-86,-65,-7,125,72,-52,-7,2,-109,106,-28,-57,-66,12,65,58,-118,-3,-21,25,-85,42,-47,76,10,-15,-110,
I/IotController>>>>>>>>>>(12728): -------->_______________: 230,178,137,104,141,170,191,249,125,72,204,249,2,147,106,228,199,190,12,65,58,138,253,235,25,171,42,209,76,10,241,146,
W/Parcel  (  233): Attempt to read object from Parcel 0x4462cdd8 at offset 200 that is not in the object list
D/InstallReceiver(12524): com.oosic.iot.controller
I/IotController>>>>>>>>>>IotConfig(12728): -------->transmitSettings: addr=192.168.10.1 port=15000
I/IotController>>>>>>>>>>IotConfig(12728): -------->transmitSettings: data=1399,31,597,686,837,706,677,613,1459,60,607,839,668,723,697,810,839,617,601,622,715,619,700,704,624,602,744,702,837,713,797,749,768,730,609,739,730,628,839,779,671,613,669,808,684,735,753,685,757,642,740,763,601,651,704,638,655,620,770,602,779,748,835,715,798,754,741,813,689,779,704,626,842,691,



I/        (12549): _______________encodeKey: 77,65,68,
I/        (12549): _______________: 77,65,68,
I/        (12549): _______________encodeKey: -26,-78,-119,104,-115,-86,-65,-7,125,72,-52,-7,2,-109,106,-28,-57,-66,12,65,58,-118,-3,-21,25,-85,42,-47,76,10,-15,-110,
I/        (12549): _______________: 230,178,137,104,141,170,191,249,125,72,204,249,2,147,106,228,199,190,12,65,58,138,253,235,25,171,42,209,76,10,241,146,
I/UDP SOCKET(12549): _________________start listening packet....
I/FTC     (12549): send:  addr=192.168.10.1 port=15000
I/FTC     (12549): send: data=1399,31,597,686,837,706,677,613,1459,60,607,839,668,723,697,810,839,617,601,622,715,619,700,704,624,602,744,702,837,713,797,749,768,730,609,739,730,628,839,779,671,613,669,808,684,735,753,685,757,642,740,763,601,651,704,638,655,620,770,602,779,748,835,715,798,754,741,813,689,779,704,626,842,691,

